======================================
Simulation Data for Service Time: 11
======================================
N 	 Mean_T		95th_Percentile_T	Mean_D	95th_Percentile_D	P
0 	 12.110000 	 40.930000 	    0.000000 	 68.110000 	 17549.940000
1 	 12.510000 	 37.140000 	    0.000000 	 67.910000 	 16704.250000
2 	 12.540000 	 32.460000 	    5.030000 	 7.140000 	 18425.100000
3 	 12.590000 	 57.160000 	    5.520000 	 191.580000 	 17567.980000
4 	 12.620000 	 33.580000 	    6.080000 	 26.550000 	 17734.880000
5 	 12.720000 	 32.900000 	    6.290000 	 24.170000 	 18102.540000
6 	 12.850000 	 37.360000 	    6.870000 	 40.850000 	 17571.100000
7 	 12.950000 	 38.880000 	    8.900000 	 37.780000 	 17634.620000
8 	 13.030000 	 37.950000 	    9.830000 	 107.590000 	 18059.720000
9 	 13.040000 	 39.560000 	    11.570000 	 28.610000 	 17938.920000
10 	 13.070000 	 34.750000 	    11.950000 	 24.310000 	 18726.870000
11 	 13.080000 	 37.240000 	    13.690000 	 45.930000 	 17917.480000
12 	 13.130000 	 38.950000 	    13.920000 	 40.070000 	 17981.900000
13 	 13.240000 	 40.060000 	    14.240000 	 36.670000 	 17592.720000
14 	 13.350000 	 41.100000 	    14.290000 	 73.270000 	 18181.250000
15 	 13.370000 	 33.200000 	    14.660000 	 6.290000 	 18420.950000
16 	 13.380000 	 34.770000 	    15.110000 	 55.870000 	 18615.660000
17 	 13.480000 	 41.500000 	    15.360000 	 63.980000 	 17384.280000
18 	 13.540000 	 43.030000 	    15.690000 	 61.180000 	 17240.100000
19 	 13.710000 	 36.830000 	    16.350000 	 46.810000 	 17396.420000
20 	 13.770000 	 34.750000 	    16.430000 	 42.330000 	 18001.960000
21 	 13.800000 	 33.860000 	    17.220000 	 5.030000 	 18193.240000
22 	 13.810000 	 42.740000 	    18.610000 	 82.340000 	 17619.900000
23 	 13.810000 	 39.990000 	    18.820000 	 114.960000 	 18539.140000
24 	 13.940000 	 39.600000 	    18.820000 	 67.480000 	 17490.990000
25 	 14.020000 	 39.750000 	    19.840000 	 84.040000 	 17361.690000
26 	 14.090000 	 36.470000 	    19.930000 	 41.330000 	 18254.960000
27 	 14.230000 	 39.820000 	    20.310000 	 32.100000 	 17244.320000
28 	 14.500000 	 32.960000 	    21.050000 	 0.000000 	 18656.460000
29 	 14.530000 	 40.130000 	    21.340000 	 19.930000 	 17570.030000
30 	 14.670000 	 33.880000 	    21.470000 	 28.460000 	 18352.700000
31 	 14.690000 	 45.920000 	    21.540000 	 104.040000 	 18401.830000
32 	 14.820000 	 35.230000 	    21.610000 	 19.660000 	 18426.460000
33 	 14.860000 	 31.390000 	    22.350000 	 0.000000 	 19241.900000
34 	 14.900000 	 32.690000 	    22.350000 	 11.950000 	 18071.250000
35 	 14.930000 	 30.830000 	    22.560000 	 19.930000 	 19113.450000
36 	 15.110000 	 38.510000 	    23.790000 	 24.140000 	 17751.280000
37 	 15.120000 	 51.520000 	    24.730000 	 123.270000 	 17761.690000
38 	 15.160000 	 35.650000 	    24.980000 	 5.520000 	 18613.620000
39 	 15.210000 	 44.390000 	    25.210000 	 84.510000 	 18179.710000
40 	 15.230000 	 32.480000 	    25.620000 	 8.900000 	 18157.890000
41 	 15.350000 	 44.910000 	    28.490000 	 44.450000 	 18310.210000
42 	 15.380000 	 37.760000 	    28.520000 	 24.850000 	 18060.500000
43 	 15.650000 	 32.680000 	    28.670000 	 9.050000 	 17132.860000
44 	 15.820000 	 33.960000 	    29.860000 	 11.570000 	 18843.540000
45 	 15.980000 	 39.380000 	    30.560000 	 69.920000 	 18093.540000
46 	 16.380000 	 53.970000 	    30.620000 	 83.280000 	 17357.630000
47 	 16.950000 	 44.230000 	    30.790000 	 60.470000 	 17381.290000
48 	 17.350000 	 35.730000 	    31.620000 	 31.240000 	 18570.860000
49 	 19.470000 	 42.000000 	    50.250000 	 76.070000 	 17215.630000
	 Mean		95th_Percentile	Confidence(+)	Confidence(-)
D value: 18.870000 	 30.790000 	 21.420000 	 16.320000
T value: 14.280000 	 16.950000 	 14.670000 	 13.890000
P value: 17974.340000 	     -      	 18124.840000 	 17823.840000
======================================
 
======================================
Simulation Data for Service Time: 12
======================================
N 	 Mean_T		95th_Percentile_T	Mean_D	95th_Percentile_D	P
0 	 14.490000 	 58.540000 	    0.000000 	 91.280000 	 17834.850000
1 	 15.470000 	 41.880000 	    11.420000 	 33.680000 	 18373.250000
2 	 15.620000 	 44.380000 	    12.870000 	 64.020000 	 18181.930000
3 	 15.740000 	 59.300000 	    12.990000 	 58.200000 	 17205.780000
4 	 15.760000 	 48.820000 	    15.390000 	 48.860000 	 17956.250000
5 	 15.890000 	 48.480000 	    15.700000 	 53.410000 	 18887.340000
6 	 15.930000 	 48.160000 	    16.010000 	 43.880000 	 18629.950000
7 	 16.260000 	 51.990000 	    16.280000 	 58.910000 	 16919.560000
8 	 16.350000 	 47.190000 	    16.340000 	 41.390000 	 17928.360000
9 	 16.360000 	 54.830000 	    16.860000 	 85.120000 	 17364.770000
10 	 16.430000 	 53.400000 	    16.990000 	 61.720000 	 18047.980000
11 	 16.640000 	 64.900000 	    17.070000 	 95.830000 	 17169.550000
12 	 16.650000 	 43.570000 	    19.300000 	 52.120000 	 17291.260000
13 	 16.830000 	 49.440000 	    19.440000 	 98.300000 	 18203.360000
14 	 17.040000 	 43.840000 	    19.980000 	 107.580000 	 18313.940000
15 	 17.260000 	 55.550000 	    20.220000 	 92.830000 	 17908.650000
16 	 17.260000 	 50.740000 	    20.650000 	 130.930000 	 18613.360000
17 	 17.260000 	 56.950000 	    20.760000 	 128.830000 	 17425.110000
18 	 17.280000 	 38.720000 	    20.850000 	 57.400000 	 18325.280000
19 	 17.370000 	 46.060000 	    20.990000 	 81.090000 	 17145.580000
20 	 17.580000 	 59.270000 	    21.080000 	 70.810000 	 17247.250000
21 	 17.640000 	 57.290000 	    21.970000 	 77.540000 	 17131.260000
22 	 17.850000 	 39.080000 	    22.020000 	 15.300000 	 18075.410000
23 	 17.910000 	 51.330000 	    22.370000 	 79.820000 	 18055.140000
24 	 17.930000 	 52.680000 	    22.820000 	 75.610000 	 18597.940000
25 	 17.950000 	 45.030000 	    23.520000 	 64.800000 	 18380.940000
26 	 17.950000 	 55.890000 	    23.780000 	 68.910000 	 17620.260000
27 	 18.070000 	 49.840000 	    24.210000 	 55.420000 	 18147.350000
28 	 18.350000 	 47.840000 	    24.720000 	 24.340000 	 18178.330000
29 	 18.560000 	 46.290000 	    24.880000 	 82.830000 	 18450.020000
30 	 18.610000 	 42.440000 	    25.270000 	 30.780000 	 19631.520000
31 	 18.620000 	 40.010000 	    25.640000 	 68.360000 	 17500.780000
32 	 18.700000 	 48.590000 	    26.260000 	 44.940000 	 18880.350000
33 	 19.010000 	 50.550000 	    26.710000 	 63.390000 	 17391.610000
34 	 19.140000 	 51.570000 	    26.730000 	 75.210000 	 18780.750000
35 	 19.270000 	 64.750000 	    27.600000 	 169.490000 	 17676.100000
36 	 19.690000 	 59.980000 	    27.650000 	 60.900000 	 17489.240000
37 	 19.710000 	 51.550000 	    27.910000 	 84.380000 	 16727.700000
38 	 19.760000 	 54.660000 	    28.030000 	 58.660000 	 17682.160000
39 	 20.270000 	 41.620000 	    28.150000 	 79.720000 	 17975.020000
40 	 20.680000 	 40.720000 	    28.820000 	 40.760000 	 19088.770000
41 	 20.730000 	 39.240000 	    28.970000 	 27.820000 	 18386.340000
42 	 20.860000 	 41.740000 	    29.920000 	 26.070000 	 18152.160000
43 	 20.950000 	 45.210000 	    30.790000 	 52.170000 	 18199.800000
44 	 20.950000 	 52.750000 	    30.910000 	 62.900000 	 18517.190000
45 	 21.180000 	 43.510000 	    33.780000 	 37.130000 	 18326.760000
46 	 21.440000 	 47.920000 	    34.860000 	 94.400000 	 18125.800000
47 	 21.900000 	 39.950000 	    35.720000 	 0.000000 	 18132.170000
48 	 23.380000 	 54.550000 	    54.380000 	 72.750000 	 17866.010000
49 	 23.890000 	 53.990000 	    79.720000 	 49.980000 	 17772.860000
	 Mean		95th_Percentile	Confidence(+)	Confidence(-)
D value: 24.390000 	 35.720000 	 27.490000 	 21.290000
T value: 18.330000 	 21.900000 	 18.910000 	 17.750000
P value: 17998.260000 	     -      	 18161.480000 	 17835.040000
======================================
 
======================================
Simulation Data for Service Time: 13
======================================
N 	 Mean_T		95th_Percentile_T	Mean_D	95th_Percentile_D	P
0 	 17.220000 	 59.120000 	    16.780000 	 63.340000 	 18525.900000
1 	 18.400000 	 44.070000 	    17.530000 	 37.320000 	 19264.590000
2 	 19.330000 	 51.370000 	    19.120000 	 108.730000 	 18219.670000
3 	 19.370000 	 52.880000 	    20.110000 	 88.330000 	 17616.020000
4 	 19.630000 	 65.600000 	    20.420000 	 68.670000 	 18540.380000
5 	 20.020000 	 55.360000 	    20.610000 	 71.220000 	 17593.720000
6 	 20.090000 	 59.970000 	    21.400000 	 46.030000 	 18443.790000
7 	 20.780000 	 64.820000 	    22.130000 	 58.340000 	 18241.760000
8 	 20.990000 	 81.650000 	    22.820000 	 199.770000 	 18173.770000
9 	 21.040000 	 64.120000 	    22.840000 	 81.670000 	 16989.520000
10 	 21.090000 	 68.620000 	    23.360000 	 95.190000 	 17193.590000
11 	 21.250000 	 67.530000 	    23.380000 	 97.920000 	 18035.260000
12 	 21.310000 	 62.760000 	    24.060000 	 71.530000 	 17657.910000
13 	 21.610000 	 56.110000 	    24.170000 	 77.990000 	 18527.690000
14 	 21.800000 	 57.890000 	    24.720000 	 57.330000 	 18586.310000
15 	 22.050000 	 44.750000 	    24.900000 	 100.030000 	 18501.270000
16 	 22.110000 	 55.970000 	    25.100000 	 111.550000 	 18046.000000
17 	 22.160000 	 63.570000 	    25.340000 	 59.810000 	 17426.140000
18 	 22.230000 	 71.990000 	    25.510000 	 82.390000 	 17440.450000
19 	 22.280000 	 64.730000 	    25.600000 	 118.110000 	 18416.610000
20 	 22.640000 	 49.690000 	    25.740000 	 99.970000 	 18383.640000
21 	 22.720000 	 54.150000 	    26.010000 	 72.300000 	 18775.470000
22 	 22.760000 	 55.570000 	    26.350000 	 59.050000 	 17973.630000
23 	 22.930000 	 64.410000 	    26.900000 	 71.430000 	 18633.100000
24 	 23.020000 	 72.770000 	    27.040000 	 126.340000 	 17520.600000
25 	 23.090000 	 61.670000 	    27.390000 	 97.270000 	 16890.830000
26 	 23.260000 	 94.080000 	    27.820000 	 163.040000 	 17326.740000
27 	 23.430000 	 63.610000 	    27.940000 	 63.260000 	 17641.890000
28 	 23.440000 	 71.950000 	    29.270000 	 92.450000 	 17333.670000
29 	 23.570000 	 51.100000 	    30.460000 	 85.490000 	 18076.790000
30 	 23.720000 	 64.170000 	    31.070000 	 75.640000 	 17655.570000
31 	 23.730000 	 55.500000 	    31.250000 	 64.790000 	 17692.510000
32 	 24.270000 	 57.480000 	    31.630000 	 69.100000 	 17479.600000
33 	 24.450000 	 63.110000 	    31.790000 	 80.760000 	 18457.500000
34 	 24.460000 	 64.780000 	    31.820000 	 83.950000 	 17788.050000
35 	 24.550000 	 64.550000 	    31.940000 	 142.460000 	 18007.150000
36 	 24.710000 	 61.890000 	    32.230000 	 76.170000 	 19160.610000
37 	 24.820000 	 54.600000 	    32.350000 	 53.830000 	 17871.080000
38 	 25.560000 	 69.930000 	    32.370000 	 73.960000 	 17729.950000
39 	 25.730000 	 55.890000 	    33.390000 	 68.320000 	 17606.850000
40 	 25.740000 	 64.650000 	    34.490000 	 136.960000 	 17762.380000
41 	 25.880000 	 51.610000 	    34.720000 	 64.040000 	 18374.730000
42 	 26.290000 	 64.560000 	    35.290000 	 93.820000 	 18109.740000
43 	 26.470000 	 61.530000 	    40.570000 	 57.670000 	 17409.480000
44 	 26.880000 	 61.120000 	    42.770000 	 79.080000 	 18426.920000
45 	 27.300000 	 59.190000 	    43.420000 	 75.010000 	 18185.370000
46 	 27.940000 	 61.810000 	    44.950000 	 109.950000 	 18461.290000
47 	 28.440000 	 54.210000 	    46.460000 	 47.470000 	 18459.490000
48 	 31.580000 	 92.140000 	    47.680000 	 185.960000 	 16958.480000
49 	 33.770000 	 63.180000 	    49.910000 	 58.770000 	 18290.760000
	 Mean		95th_Percentile	Confidence(+)	Confidence(-)
D value: 29.300000 	 46.460000 	 31.480000 	 27.120000
T value: 23.440000 	 28.440000 	 24.300000 	 22.580000
P value: 17997.680000 	     -      	 18147.630000 	 17847.730000
======================================
 
======================================
Simulation Data for Service Time: 14
======================================
N 	 Mean_T		95th_Percentile_T	Mean_D	95th_Percentile_D	P
0 	 23.700000 	 76.900000 	    20.930000 	 86.100000 	 18003.000000
1 	 23.710000 	 67.290000 	    22.360000 	 105.480000 	 17748.710000
2 	 24.450000 	 75.980000 	    22.490000 	 90.470000 	 17708.720000
3 	 24.490000 	 62.850000 	    22.870000 	 86.210000 	 19627.860000
4 	 25.060000 	 82.070000 	    24.580000 	 117.820000 	 18088.030000
5 	 25.250000 	 69.270000 	    24.890000 	 113.150000 	 17674.710000
6 	 25.480000 	 77.240000 	    25.130000 	 116.070000 	 18748.860000
7 	 25.600000 	 73.720000 	    25.140000 	 139.060000 	 18547.260000
8 	 25.840000 	 66.830000 	    25.200000 	 79.880000 	 17518.660000
9 	 26.570000 	 73.250000 	    25.200000 	 91.180000 	 17483.870000
10 	 26.570000 	 108.490000 	    26.220000 	 135.190000 	 17788.240000
11 	 26.860000 	 114.650000 	    26.250000 	 148.200000 	 17503.290000
12 	 26.890000 	 66.820000 	    26.870000 	 79.420000 	 18287.690000
13 	 26.940000 	 68.450000 	    27.930000 	 129.490000 	 17845.150000
14 	 27.060000 	 64.070000 	    28.010000 	 58.580000 	 18850.880000
15 	 27.080000 	 69.340000 	    28.330000 	 67.740000 	 17385.680000
16 	 27.160000 	 76.260000 	    28.340000 	 104.820000 	 19184.670000
17 	 27.250000 	 72.540000 	    28.610000 	 81.400000 	 18335.840000
18 	 27.330000 	 158.780000 	    29.710000 	 255.480000 	 17464.390000
19 	 27.870000 	 74.050000 	    29.950000 	 148.260000 	 17584.900000
20 	 28.310000 	 75.310000 	    30.210000 	 215.130000 	 19042.960000
21 	 28.330000 	 74.670000 	    31.520000 	 176.150000 	 17959.690000
22 	 28.540000 	 63.470000 	    31.710000 	 63.570000 	 18603.140000
23 	 28.640000 	 71.880000 	    32.460000 	 97.980000 	 18189.090000
24 	 28.740000 	 72.060000 	    33.430000 	 61.140000 	 18627.510000
25 	 29.010000 	 91.690000 	    33.690000 	 121.760000 	 18756.920000
26 	 29.150000 	 64.900000 	    35.300000 	 78.180000 	 19255.830000
27 	 29.210000 	 91.270000 	    35.520000 	 141.930000 	 18193.560000
28 	 29.220000 	 68.250000 	    35.930000 	 68.980000 	 17765.620000
29 	 29.330000 	 105.010000 	    36.170000 	 172.580000 	 17714.700000
30 	 29.530000 	 73.410000 	    36.550000 	 82.220000 	 17845.150000
31 	 29.840000 	 85.720000 	    36.720000 	 113.950000 	 17640.080000
32 	 30.110000 	 64.820000 	    37.370000 	 84.470000 	 18443.720000
33 	 30.180000 	 65.620000 	    37.810000 	 61.140000 	 18735.540000
34 	 30.270000 	 74.530000 	    38.380000 	 143.370000 	 18872.180000
35 	 30.790000 	 69.650000 	    39.620000 	 73.910000 	 17518.010000
36 	 31.160000 	 67.540000 	    41.510000 	 123.530000 	 18397.310000
37 	 31.320000 	 88.890000 	    42.300000 	 176.070000 	 18092.290000
38 	 32.210000 	 76.710000 	    42.590000 	 80.440000 	 18413.290000
39 	 32.400000 	 75.330000 	    42.830000 	 89.890000 	 18087.070000
40 	 32.420000 	 66.800000 	    43.960000 	 126.900000 	 18262.490000
41 	 33.100000 	 66.740000 	    44.650000 	 78.050000 	 18377.970000
42 	 34.040000 	 91.750000 	    45.380000 	 110.670000 	 17556.140000
43 	 34.690000 	 68.710000 	    46.000000 	 172.740000 	 18150.810000
44 	 36.110000 	 96.440000 	    48.610000 	 155.910000 	 17439.460000
45 	 36.770000 	 62.690000 	    51.310000 	 75.370000 	 18332.870000
46 	 37.800000 	 70.060000 	    51.400000 	 62.920000 	 18213.660000
47 	 37.850000 	 63.890000 	    53.020000 	 78.810000 	 18149.270000
48 	 38.670000 	 101.410000 	    53.260000 	 119.700000 	 17336.730000
49 	 48.870000 	 81.500000 	    74.130000 	 135.410000 	 18322.980000
	 Mean		95th_Percentile	Confidence(+)	Confidence(-)
D value: 35.250000 	 53.020000 	 38.130000 	 32.370000
T value: 29.750000 	 37.850000 	 31.030000 	 28.470000
P value: 18153.530000 	     -      	 18302.650000 	 18004.410000
======================================
 
======================================
Simulation Data for Service Time: 15
======================================
N 	 Mean_T		95th_Percentile_T	Mean_D	95th_Percentile_D	P
0 	 31.280000 	 155.180000 	    25.100000 	 213.650000 	 18227.240000
1 	 32.960000 	 122.010000 	    26.330000 	 152.770000 	 18482.030000
2 	 33.000000 	 113.900000 	    27.950000 	 185.280000 	 18262.150000
3 	 33.510000 	 99.920000 	    29.620000 	 196.150000 	 18469.370000
4 	 34.760000 	 114.170000 	    34.000000 	 114.970000 	 17734.180000
5 	 35.820000 	 126.380000 	    34.590000 	 146.120000 	 17612.390000
6 	 36.780000 	 94.730000 	    35.010000 	 105.510000 	 17787.000000
7 	 36.990000 	 105.630000 	    35.190000 	 132.490000 	 18096.280000
8 	 37.000000 	 106.390000 	    35.500000 	 199.030000 	 18135.030000
9 	 37.430000 	 165.130000 	    35.780000 	 261.060000 	 17531.410000
10 	 37.740000 	 97.950000 	    38.920000 	 176.920000 	 18565.760000
11 	 38.220000 	 76.050000 	    39.430000 	 74.990000 	 18412.230000
12 	 38.390000 	 145.590000 	    40.720000 	 168.590000 	 17237.390000
13 	 39.110000 	 99.190000 	    41.220000 	 151.920000 	 17762.760000
14 	 39.530000 	 139.420000 	    42.980000 	 168.650000 	 18499.260000
15 	 39.950000 	 85.720000 	    43.080000 	 78.460000 	 18408.000000
16 	 40.010000 	 84.840000 	    44.210000 	 76.790000 	 17696.420000
17 	 40.050000 	 153.340000 	    44.280000 	 160.220000 	 17056.710000
18 	 40.500000 	 110.440000 	    44.470000 	 98.920000 	 18144.670000
19 	 40.530000 	 95.370000 	    44.530000 	 203.910000 	 18424.080000
20 	 40.720000 	 177.300000 	    45.270000 	 187.750000 	 17493.430000
21 	 41.570000 	 96.160000 	    47.110000 	 110.110000 	 18548.090000
22 	 41.780000 	 73.410000 	    47.360000 	 75.910000 	 19018.460000
23 	 42.210000 	 125.260000 	    48.030000 	 159.590000 	 17614.050000
24 	 42.400000 	 83.750000 	    48.790000 	 175.250000 	 18398.160000
25 	 42.430000 	 125.170000 	    50.870000 	 129.310000 	 17967.590000
26 	 43.540000 	 136.100000 	    51.800000 	 158.510000 	 17478.390000
27 	 43.920000 	 130.410000 	    51.900000 	 168.640000 	 17237.480000
28 	 44.920000 	 156.240000 	    52.010000 	 189.860000 	 18105.720000
29 	 45.290000 	 138.970000 	    52.190000 	 148.250000 	 16892.910000
30 	 46.020000 	 121.590000 	    52.500000 	 172.760000 	 18693.430000
31 	 46.740000 	 124.480000 	    52.630000 	 225.280000 	 18071.890000
32 	 46.930000 	 84.370000 	    53.190000 	 124.050000 	 18684.690000
33 	 47.190000 	 111.500000 	    53.730000 	 113.180000 	 17818.270000
34 	 47.600000 	 146.380000 	    54.630000 	 167.310000 	 17672.000000
35 	 48.260000 	 156.160000 	    54.730000 	 230.060000 	 17618.930000
36 	 49.030000 	 103.370000 	    55.290000 	 113.180000 	 18200.370000
37 	 49.050000 	 123.400000 	    55.370000 	 187.540000 	 17430.940000
38 	 49.340000 	 125.570000 	    55.660000 	 157.810000 	 17917.400000
39 	 49.670000 	 256.150000 	    57.330000 	 371.370000 	 17486.520000
40 	 51.410000 	 130.810000 	    58.970000 	 199.220000 	 18261.300000
41 	 51.610000 	 152.910000 	    61.960000 	 171.010000 	 17089.020000
42 	 52.530000 	 103.110000 	    63.670000 	 157.350000 	 17984.120000
43 	 54.040000 	 86.030000 	    63.860000 	 99.350000 	 18313.410000
44 	 54.530000 	 96.800000 	    66.030000 	 170.250000 	 18834.510000
45 	 55.410000 	 141.710000 	    66.710000 	 218.380000 	 17731.210000
46 	 55.960000 	 92.280000 	    67.410000 	 80.630000 	 17832.740000
47 	 57.500000 	 129.590000 	    67.630000 	 213.530000 	 17865.020000
48 	 58.700000 	 96.690000 	    70.470000 	 161.190000 	 18473.060000
49 	 77.250000 	 95.420000 	    103.520000 	 98.440000 	 18686.010000
	 Mean		95th_Percentile	Confidence(+)	Confidence(-)
D value: 49.470000 	 67.630000 	 53.260000 	 45.680000
T value: 44.420000 	 57.500000 	 46.720000 	 42.120000
P value: 17999.270000 	     -      	 18136.120000 	 17862.420000
======================================
 
======================================
Simulation Data for Service Time: 16
======================================
N 	 Mean_T		95th_Percentile_T	Mean_D	95th_Percentile_D	P
0 	 44.870000 	 193.750000 	    38.100000 	 225.130000 	 18123.730000
1 	 46.450000 	 164.920000 	    38.810000 	 238.550000 	 18569.010000
2 	 46.490000 	 214.670000 	    41.350000 	 299.360000 	 18155.650000
3 	 48.590000 	 251.930000 	    43.030000 	 284.650000 	 16907.960000
4 	 48.600000 	 166.500000 	    45.220000 	 150.960000 	 18633.650000
5 	 50.210000 	 128.280000 	    47.490000 	 118.450000 	 18737.700000
6 	 51.240000 	 176.510000 	    49.520000 	 291.590000 	 18302.550000
7 	 52.540000 	 235.950000 	    50.020000 	 258.330000 	 17556.440000
8 	 53.010000 	 105.150000 	    50.140000 	 139.680000 	 18769.100000
9 	 53.970000 	 164.540000 	    51.180000 	 203.160000 	 18448.470000
10 	 55.260000 	 248.140000 	    53.110000 	 268.120000 	 17636.660000
11 	 56.040000 	 258.250000 	    54.040000 	 257.910000 	 17242.970000
12 	 56.790000 	 170.820000 	    54.530000 	 167.830000 	 17456.090000
13 	 56.830000 	 195.140000 	    54.950000 	 260.330000 	 17395.750000
14 	 56.940000 	 279.340000 	    56.680000 	 447.120000 	 18206.060000
15 	 57.710000 	 155.430000 	    58.520000 	 220.330000 	 17730.020000
16 	 57.920000 	 141.560000 	    59.410000 	 143.150000 	 18368.630000
17 	 58.000000 	 830.560000 	    59.710000 	 964.850000 	 17943.550000
18 	 58.490000 	 133.190000 	    63.540000 	 197.620000 	 18626.400000
19 	 59.250000 	 232.610000 	    64.370000 	 287.330000 	 17746.930000
20 	 60.080000 	 196.510000 	    64.770000 	 233.270000 	 18627.820000
21 	 61.270000 	 156.490000 	    65.530000 	 169.290000 	 17677.440000
22 	 61.850000 	 157.900000 	    65.950000 	 222.310000 	 18878.030000
23 	 62.930000 	 161.380000 	    67.230000 	 183.160000 	 18082.260000
24 	 64.030000 	 123.320000 	    69.560000 	 180.880000 	 18785.300000
25 	 65.710000 	 121.110000 	    71.220000 	 144.710000 	 17931.210000
26 	 65.990000 	 197.310000 	    71.400000 	 233.330000 	 17403.820000
27 	 66.300000 	 216.710000 	    71.580000 	 266.460000 	 18197.240000
28 	 66.370000 	 163.940000 	    72.080000 	 246.480000 	 18303.540000
29 	 66.570000 	 367.330000 	    72.890000 	 426.020000 	 17032.310000
30 	 68.680000 	 141.050000 	    73.280000 	 138.510000 	 18414.870000
31 	 69.900000 	 224.300000 	    74.570000 	 236.250000 	 17623.710000
32 	 70.560000 	 165.590000 	    76.100000 	 266.080000 	 17887.750000
33 	 70.910000 	 193.250000 	    76.340000 	 218.450000 	 17870.690000
34 	 72.610000 	 251.130000 	    78.630000 	 308.970000 	 17956.860000
35 	 73.540000 	 165.890000 	    81.390000 	 188.460000 	 18242.460000
36 	 74.550000 	 197.060000 	    81.760000 	 249.930000 	 18054.930000
37 	 74.870000 	 217.430000 	    82.360000 	 287.630000 	 17555.500000
38 	 77.280000 	 302.970000 	    82.710000 	 295.660000 	 17025.240000
39 	 78.800000 	 144.940000 	    84.060000 	 181.370000 	 17927.620000
40 	 79.260000 	 118.550000 	    85.250000 	 102.660000 	 18674.390000
41 	 82.650000 	 124.010000 	    85.830000 	 166.120000 	 18880.200000
42 	 84.020000 	 211.020000 	    86.960000 	 258.040000 	 18279.560000
43 	 84.910000 	 231.360000 	    91.290000 	 419.880000 	 18257.000000
44 	 85.130000 	 284.240000 	    92.820000 	 573.150000 	 17534.550000
45 	 89.020000 	 122.530000 	    110.680000 	 122.470000 	 18146.640000
46 	 97.810000 	 150.070000 	    112.360000 	 182.410000 	 17369.880000
47 	 98.780000 	 189.280000 	    121.380000 	 249.690000 	 17697.580000
48 	 115.790000 	 189.070000 	    135.380000 	 230.580000 	 18052.740000
49 	 194.220000 	 149.340000 	    302.530000 	 213.600000 	 18133.340000
	 Mean		95th_Percentile	Confidence(+)	Confidence(-)
D value: 74.830000 	 121.380000 	 85.490000 	 64.170000
T value: 69.070000 	 98.780000 	 75.490000 	 62.650000
P value: 18021.240000 	     -      	 18160.590000 	 17881.890000
======================================
 
======================================
Simulation Data for Service Time: 17
======================================
N 	 Mean_T		95th_Percentile_T	Mean_D	95th_Percentile_D	P
0 	 65.290000 	 685.300000 	    55.400000 	 649.150000 	 17419.310000
1 	 65.460000 	 615.080000 	    60.570000 	 627.300000 	 18214.290000
2 	 68.850000 	 209.400000 	    61.670000 	 204.760000 	 18270.070000
3 	 70.070000 	 396.140000 	    63.720000 	 387.060000 	 17959.840000
4 	 72.260000 	 177.440000 	    65.330000 	 216.840000 	 19262.780000
5 	 74.000000 	 741.120000 	    69.320000 	 788.160000 	 17891.380000
6 	 74.010000 	 951.310000 	    70.830000 	 1033.200000 	 17433.880000
7 	 77.640000 	 224.780000 	    71.500000 	 229.960000 	 18279.900000
8 	 79.730000 	 485.730000 	    72.110000 	 473.290000 	 17361.600000
9 	 80.290000 	 735.360000 	    73.850000 	 717.980000 	 17309.030000
10 	 80.440000 	 209.050000 	    75.490000 	 316.780000 	 18444.990000
11 	 82.080000 	 372.490000 	    77.980000 	 378.580000 	 17991.630000
12 	 82.270000 	 184.660000 	    84.030000 	 260.780000 	 18719.370000
13 	 82.560000 	 331.180000 	    84.500000 	 349.140000 	 17647.700000
14 	 82.920000 	 308.850000 	    87.050000 	 372.210000 	 18601.920000
15 	 86.690000 	 540.040000 	    87.700000 	 571.370000 	 17832.580000
16 	 90.550000 	 755.180000 	    87.860000 	 922.850000 	 17928.690000
17 	 99.090000 	 210.170000 	    88.440000 	 212.960000 	 18504.440000
18 	 103.300000 	 298.480000 	    88.540000 	 291.900000 	 17786.320000
19 	 107.480000 	 336.020000 	    89.200000 	 394.130000 	 18636.700000
20 	 107.610000 	 261.730000 	    89.740000 	 312.860000 	 19097.240000
21 	 107.740000 	 569.510000 	    96.150000 	 568.530000 	 17586.800000
22 	 110.950000 	 387.830000 	    96.310000 	 415.800000 	 18065.770000
23 	 111.840000 	 168.920000 	    100.810000 	 197.470000 	 18962.960000
24 	 115.380000 	 469.270000 	    106.920000 	 505.020000 	 18007.270000
25 	 115.670000 	 197.950000 	    108.390000 	 204.440000 	 18408.400000
26 	 116.090000 	 878.740000 	    111.660000 	 841.530000 	 17336.550000
27 	 124.060000 	 403.620000 	    115.330000 	 458.190000 	 18497.870000
28 	 124.970000 	 499.390000 	    116.260000 	 554.920000 	 17697.150000
29 	 127.950000 	 1059.520000 	    118.540000 	 1231.650000 	 17792.300000
30 	 129.320000 	 294.250000 	    122.030000 	 283.250000 	 17409.070000
31 	 133.010000 	 176.540000 	    131.320000 	 198.520000 	 18721.750000
32 	 145.230000 	 247.090000 	    137.490000 	 349.590000 	 18028.020000
33 	 152.930000 	 272.720000 	    137.800000 	 292.750000 	 18241.030000
34 	 159.070000 	 225.880000 	    148.060000 	 249.460000 	 18635.280000
35 	 167.660000 	 313.450000 	    157.460000 	 306.990000 	 17773.040000
36 	 172.580000 	 228.440000 	    157.920000 	 290.550000 	 18973.450000
37 	 174.530000 	 1054.050000 	    169.390000 	 1171.820000 	 17756.200000
38 	 178.910000 	 906.030000 	    169.400000 	 1183.140000 	 18770.390000
39 	 180.150000 	 226.540000 	    176.890000 	 234.490000 	 18244.290000
40 	 193.660000 	 300.170000 	    194.710000 	 276.170000 	 17903.230000
41 	 196.750000 	 544.430000 	    208.710000 	 583.660000 	 17119.290000
42 	 205.640000 	 361.480000 	    214.530000 	 363.420000 	 17692.820000
43 	 212.860000 	 421.070000 	    241.510000 	 490.990000 	 18536.240000
44 	 226.860000 	 501.810000 	    253.870000 	 522.060000 	 17532.540000
45 	 248.150000 	 228.660000 	    267.620000 	 226.130000 	 18155.800000
46 	 277.290000 	 209.600000 	    284.770000 	 301.180000 	 18722.520000
47 	 282.510000 	 365.800000 	    305.880000 	 388.100000 	 17696.220000
48 	 293.680000 	 317.710000 	    316.770000 	 325.420000 	 17951.750000
49 	 294.800000 	 223.120000 	    323.350000 	 249.060000 	 17996.630000
	 Mean		95th_Percentile	Confidence(+)	Confidence(-)
D value: 133.890000 	 305.880000 	 154.100000 	 113.680000
T value: 136.260000 	 282.510000 	 154.040000 	 118.480000
P value: 18096.170000 	     -      	 18238.550000 	 17953.790000
