[0, 2.0, 0, 0, '()']
[2.0, 3.439291694804325, 12.0, 1, '()']
[3.439291694804325, 8.196323315179077, 12.0, 2, '()']
[8.196323315179077, 12.809239839315769, 12.0, 2, '(8.25)']
[8.245306544790655, 12.809239839315769, 12.0, 2, '(8.42)']
[8.41676474874983, 12.809239839315769, 12.0, 2, '(9.11)']
[9.114187557555542, 12.809239839315769, 12.0, 2, '(14.27)']
[12.0, 12.809239839315769, 22.0, 1, '(14.27)']
[12.809239839315769, 13.306258131513092, 22.0, 2, '(14.27)']
[13.306258131513092, 14.91551508431587, 22.0, 2, '(13.52 14.27)']
[13.521297666550238, 14.91551508431587, 22.0, 2, '(14.27 17.58)']
[14.271358755420529, 14.91551508431587, 22.0, 2, '(17.58 19.43)']
[14.91551508431587, 21.61377873699739, 22.0, 2, '(16.24 17.58 19.43)']
[16.238787192092875, 21.61377873699739, 22.0, 2, '(17.58 19.43 21.97)']
[17.576152144344427, 21.61377873699739, 22.0, 2, '(19.43 21.97 28.75)']
[19.434959269427647, 21.61377873699739, 22.0, 2, '(20.1 21.97 28.75)']
[20.102523133749383, 21.61377873699739, 22.0, 2, '(21.97 24.82 28.75)']
[21.61377873699739, 30.332055518891565, 22.0, 2, '(21.97 22.66 24.82 28.75)']
[21.9689273535337, 30.332055518891565, 22.0, 2, '(22.66 24.82 28.75 29.08)']
[22.0, 30.332055518891565, 32.0, 1, '(22.66 24.82 28.75 29.08)']
[22.6570896448111, 30.332055518891565, 32.0, 2, '(24.82 28.75 29.08)']
[24.819066563246647, 30.332055518891565, 32.0, 2, '(26.31 28.75 29.08)']
[26.313046795986317, 30.332055518891565, 32.0, 2, '(28.75 29.08 37.98)']
[28.746532928209568, 30.332055518891565, 32.0, 2, '(29.08 37.98 44.49)']
[29.084895416873287, 30.332055518891565, 32.0, 2, '(29.3 37.98 44.49)']
[29.295303067831206, 30.332055518891565, 32.0, 2, '(36.74 37.98 44.49)']
[30.332055518891565, 60.303718781621015, 32.0, 2, '(31.45 36.74 37.98 44.49)']
[31.446656708786616, 60.303718781621015, 32.0, 2, '(32.48 36.74 37.98 44.49)']
[32.0, 60.303718781621015, 42.0, 1, '(32.48 36.74 37.98 44.49)']
[32.48279070942104, 60.303718781621015, 42.0, 2, '(36.74 37.98 44.49)']
[36.735972368890934, 60.303718781621015, 42.0, 2, '(37.98 43.78 44.49)']
[37.97564166256243, 60.303718781621015, 42.0, 2, '(43.78 44.29 44.49)']
[42.0, 60.303718781621015, 52.0, 1, '(43.78 44.29 44.49)']
[43.77601367067868, 60.303718781621015, 52.0, 2, '(44.29 44.49)']
[44.29388401747644, 60.303718781621015, 52.0, 2, '(44.49 45.24)']
[44.49406288333323, 60.303718781621015, 52.0, 2, '(45.24 45.35)']
[45.24468499242958, 60.303718781621015, 52.0, 2, '(45.35 47.79)']
[45.34611847233139, 60.303718781621015, 52.0, 2, '(47.79 48.59)']
[47.79499567669824, 60.303718781621015, 52.0, 2, '(48.59 51.93)']
[48.59149633237993, 60.303718781621015, 52.0, 2, '(50.25 51.93)']
[50.24618317754287, 60.303718781621015, 52.0, 2, '(51.93 56.19)']
[51.93451544490773, 60.303718781621015, 52.0, 2, '(56.19 56.67)']
[52.0, 60.303718781621015, 62.0, 1, '(56.19 56.67)']
[56.18711724303352, 60.303718781621015, 62.0, 2, '(56.67)']
[56.67266427050984, 60.303718781621015, 62.0, 2, '(58.54)']
[58.5363070260096, 60.303718781621015, 62.0, 2, '(66.3)']
[60.303718781621015, 61.83663737158922, 62.0, 2, '(65.17 66.3)']
[61.83663737158922, 63.26716174614766, 62.0, 2, '(64.21 65.17 66.3)']
[62.0, 63.26716174614766, 72.0, 1, '(64.21 65.17 66.3)']
[63.26716174614766, 69.6174173108309, 72.0, 2, '(64.21 65.17 66.3)']
[64.21044062106982, 69.6174173108309, 72.0, 2, '(65.17 66.3 68.72)']
[65.16644311484066, 69.6174173108309, 72.0, 2, '(66.24 66.3 68.72)']
[66.24090465355218, 69.6174173108309, 72.0, 2, '(66.3 68.0 68.72)']
[66.29698035750852, 69.6174173108309, 72.0, 2, '(67.85 68.0 68.72)']
[67.85101919062785, 69.6174173108309, 72.0, 2, '(68.0 68.72 79.17)']
[67.99722701517261, 69.6174173108309, 72.0, 2, '(68.72 70.84 79.17)']
[68.72381025556405, 69.6174173108309, 72.0, 2, '(69.4 70.84 79.17)']
[69.39516211913471, 69.6174173108309, 72.0, 2, '(70.84 72.53 79.17)']
[69.6174173108309, 72.79716098614615, 72.0, 2, '(70.84 72.53 79.17 84.52)']
[70.83777964773031, 72.79716098614615, 72.0, 2, '(71.48 72.53 79.17 84.52)']
[71.48400051494515, 72.79716098614615, 72.0, 2, '(72.53 73.61 79.17 84.52)']
[72.0, 72.79716098614615, 82.0, 1, '(72.53 73.61 79.17 84.52)']
[72.52682219930404, 72.79716098614615, 82.0, 2, '(73.61 79.17 84.52)']
[72.79716098614615, 72.82840951159861, 82.0, 2, '(73.61 75.21 79.17 84.52)']
[72.82840951159861, 87.09698168042101, 82.0, 2, '(73.61 75.21 76.36 79.17 84.52)']
[73.60722991334329, 87.09698168042101, 82.0, 2, '(75.21 76.36 79.17 80.65 84.52)']
[75.20575597384739, 87.09698168042101, 82.0, 2, '(76.36 79.17 80.65 84.52 88.84)']
[76.35803677455739, 87.09698168042101, 82.0, 2, '(79.17 80.65 81.35 84.52 88.84)']
[79.16887249784794, 87.09698168042101, 82.0, 2, '(80.65 81.35 84.52 88.84 88.95)']
[80.64694783011724, 87.09698168042101, 82.0, 2, '(80.8 81.35 84.52 88.84 88.95)']
[80.80431173907056, 87.09698168042101, 82.0, 2, '(81.35 82.46 84.52 88.84 88.95)']
[81.35389619959442, 87.09698168042101, 82.0, 2, '(82.46 84.52 84.78 88.84 88.95)']
[82.0, 87.09698168042101, 92.0, 1, '(82.46 84.52 84.78 88.84 88.95)']
[82.45694498925049, 87.09698168042101, 92.0, 2, '(84.52 84.78 88.84 88.95)']
[84.51777399992207, 87.09698168042101, 92.0, 2, '(84.78 88.84 88.95 89.63)']
[84.78347682259917, 87.09698168042101, 92.0, 2, '(88.2 88.84 88.95 89.63)']
[87.09698168042101, 88.08444404886298, 92.0, 2, '(88.2 88.84 88.95 89.31 89.63)']
[88.08444404886298, 89.47810483380022, 92.0, 2, '(88.2 88.84 88.95 89.31 89.63 90.16)']
[88.19792331860997, 89.47810483380022, 92.0, 2, '(88.84 88.85 88.95 89.31 89.63 90.16)']
[88.8413199155979, 89.47810483380022, 92.0, 2, '(88.85 88.95 89.31 89.63 89.92 90.16)']
[88.84894312326888, 89.47810483380022, 92.0, 2, '(88.95 89.31 89.63 89.76 89.92 90.16)']
[88.95360141737551, 89.47810483380022, 92.0, 2, '(89.31 89.63 89.76 89.92 90.16 97.77)']
[89.3111530306568, 89.47810483380022, 92.0, 2, '(89.5 89.63 89.76 89.92 90.16 97.77)']
[89.47810483380022, 92.4950488754525, 92.0, 2, '(89.5 89.63 89.76 89.92 90.16 90.34 97.77)']
[89.4973868683768, 92.4950488754525, 92.0, 2, '(89.57 89.63 89.76 89.92 90.16 90.34 97.77)']
[89.56541542576376, 92.4950488754525, 92.0, 2, '(89.63 89.76 89.92 90.16 90.34 92.04 97.77)']
[89.62764554517858, 92.4950488754525, 92.0, 2, '(89.76 89.92 90.16 90.34 92.04 94.69 97.77)']
[89.76323611704642, 92.4950488754525, 92.0, 2, '(89.92 90.16 90.34 92.04 94.69 95.0 97.77)']
[89.92085609810322, 92.4950488754525, 92.0, 2, '(90.16 90.34 92.04 94.69 94.74 95.0 97.77)']
[90.16287825454367, 92.4950488754525, 92.0, 2, '(90.34 91.26 92.04 94.69 94.74 95.0 97.77)']
[90.33715425310315, 92.4950488754525, 92.0, 2, '(91.26 91.76 92.04 94.69 94.74 95.0 97.77)']
[91.25937841662424, 92.4950488754525, 92.0, 2, '(91.76 92.04 93.89 94.69 94.74 95.0 97.77)']
[91.7559011407768, 92.4950488754525, 92.0, 2, '(92.04 93.89 94.69 94.74 95.0 95.51 97.77)']
[92.0, 92.4950488754525, 102.0, 1, '(92.04 93.89 94.69 94.74 95.0 95.51 97.77)']
[92.03701590834181, 92.4950488754525, 102.0, 2, '(93.89 94.69 94.74 95.0 95.51 97.77)']
[92.4950488754525, 93.5575890055716, 102.0, 2, '(93.89 94.69 94.74 95.0 95.51 95.8 97.77)']
[93.5575890055716, 101.32994845214242, 102.0, 2, '(93.89 94.59 94.69 94.74 95.0 95.51 95.8 97.77)']
[93.89341685452221, 101.32994845214242, 102.0, 2, '(93.97 94.59 94.69 94.74 95.0 95.51 95.8 97.77)']
[93.96777584177086, 101.32994845214242, 102.0, 2, '(94.59 94.69 94.74 95.0 95.51 95.8 96.38 97.77)']
[94.58948568150683, 101.32994845214242, 102.0, 2, '(94.69 94.74 95.0 95.51 95.8 96.38 97.77 99.57)']
[94.6868732470712, 101.32994845214242, 102.0, 2, '(94.74 95.0 95.51 95.8 96.38 96.78 97.77 99.57)']
[94.73918584281215, 101.32994845214242, 102.0, 2, '(94.75 95.0 95.51 95.8 96.38 96.78 97.77 99.57)']
[94.75403639390271, 101.32994845214242, 102.0, 2, '(95.0 95.51 95.8 96.38 96.78 97.77 99.57 100.16)']
[94.99512602427068, 101.32994845214242, 102.0, 2, '(95.51 95.8 96.38 96.78 97.77 99.57 100.16 101.8)']
[95.50684681171509, 101.32994845214242, 102.0, 2, '(95.8 96.38 96.78 97.77 99.57 99.88 100.16 101.8)']
[95.79723675318589, 101.32994845214242, 102.0, 2, '(95.98 96.38 96.78 97.77 99.57 99.88 100.16 101.8)']
[95.98055975326915, 101.32994845214242, 102.0, 2, '(96.38 96.78 97.77 99.57 99.88 100.16 100.82 101.8)']
[96.37678858884179, 101.32994845214242, 102.0, 2, '(96.78 97.77 99.57 99.88 100.16 100.82 101.8 103.23)']
[96.77852383299911, 101.32994845214242, 102.0, 2, '(97.77 99.57 99.88 100.16 100.82 101.8 103.23 105.86)']
[97.76652107039551, 101.32994845214242, 102.0, 2, '(99.57 99.88 100.16 100.82 101.8 103.23 105.86 107.02)']
[99.56777764453481, 101.32994845214242, 102.0, 2, '(99.88 100.16 100.82 101.8 103.23 103.57 105.86 107.02)']
[99.87628983811364, 101.32994845214242, 102.0, 2, '(100.16 100.82 101.36 101.8 103.23 103.57 105.86 107.02)']
[100.15741390066832, 101.32994845214242, 102.0, 2, '(100.82 100.95 101.36 101.8 103.23 103.57 105.86 107.02)']
[100.82357769161693, 101.32994845214242, 102.0, 2, '(100.95 101.36 101.8 103.23 103.57 104.55 105.86 107.02)']
[100.9532466542843, 101.32994845214242, 102.0, 2, '(101.36 101.8 103.23 103.57 104.55 105.46 105.86 107.02)']
[101.32994845214242, 109.07445261695965, 102.0, 2, '(101.36 101.8 102.6 103.23 103.57 104.55 105.46 105.86 107.02)']
[101.36364664035291, 109.07445261695965, 102.0, 2, '(101.8 102.6 103.23 103.57 104.55 104.69 105.46 105.86 107.02)']
[101.79982027696617, 109.07445261695965, 102.0, 2, '(102.6 103.23 103.57 104.55 104.69 105.46 105.86 107.02 119.48)']
[102.0, 109.07445261695965, 112.0, 1, '(102.6 103.23 103.57 104.55 104.69 105.46 105.86 107.02 119.48)']
[102.59573170821051, 109.07445261695965, 112.0, 2, '(103.23 103.57 104.55 104.69 105.46 105.86 107.02 119.48)']
[103.22955203819463, 109.07445261695965, 112.0, 2, '(103.57 104.55 104.69 105.46 105.86 107.02 110.25 119.48)']
[103.57248965048451, 109.07445261695965, 112.0, 2, '(104.52 104.55 104.69 105.46 105.86 107.02 110.25 119.48)']
[104.52077237946256, 109.07445261695965, 112.0, 2, '(104.55 104.69 105.46 105.86 107.02 110.25 110.87 119.48)']
[104.54764523191632, 109.07445261695965, 112.0, 2, '(104.69 105.46 105.86 107.02 110.25 110.35 110.87 119.48)']
[104.68867919977937, 109.07445261695965, 112.0, 2, '(105.46 105.86 107.02 110.25 110.35 110.87 111.56 119.48)']
[105.45547436647038, 109.07445261695965, 112.0, 2, '(105.86 107.02 108.4 110.25 110.35 110.87 111.56 119.48)']
[105.85533494209814, 109.07445261695965, 112.0, 2, '(107.02 108.4 110.16 110.25 110.35 110.87 111.56 119.48)']
[107.02088244895461, 109.07445261695965, 112.0, 2, '(108.4 108.67 110.16 110.25 110.35 110.87 111.56 119.48)']
[108.3981550552162, 109.07445261695965, 112.0, 2, '(108.67 110.16 110.25 110.35 110.87 111.56 114.38 119.48)']
[108.67339768850904, 109.07445261695965, 112.0, 2, '(108.83 110.16 110.25 110.35 110.87 111.56 114.38 119.48)']
[108.82744095949026, 109.07445261695965, 112.0, 2, '(110.16 110.25 110.35 110.87 111.56 114.38 119.48 119.81)']
[109.07445261695965, 109.93012143671663, 112.0, 2, '(109.92 110.16 110.25 110.35 110.87 111.56 114.38 119.48 119.81)']
[109.92113052983251, 109.93012143671663, 112.0, 2, '(110.16 110.25 110.35 110.87 111.56 114.38 119.48 119.81 120.54)']
[109.93012143671663, 111.3773557647342, 112.0, 2, '(110.16 110.25 110.35 110.76 110.87 111.56 114.38 119.48 119.81 120.54)']
[110.15877971706962, 111.3773557647342, 112.0, 2, '(110.25 110.35 110.76 110.87 111.56 112.77 114.38 119.48 119.81 120.54)']
[110.25312397028182, 111.3773557647342, 112.0, 2, '(110.35 110.76 110.87 111.56 112.35 112.77 114.38 119.48 119.81 120.54)']
[110.34737591224543, 111.3773557647342, 112.0, 2, '(110.76 110.87 111.56 112.35 112.77 113.4 114.38 119.48 119.81 120.54)']
[110.75535192645441, 111.3773557647342, 112.0, 2, '(110.87 111.56 112.35 112.77 113.4 114.38 115.26 119.48 119.81 120.54)']
[110.87087061710692, 111.3773557647342, 112.0, 2, '(111.56 112.35 112.77 113.14 113.4 114.38 115.26 119.48 119.81 120.54)']
[111.3773557647342, 116.3479075618259, 112.0, 2, '(111.56 112.35 112.77 113.14 113.4 114.38 115.26 115.38 119.48 119.81 120.54)']
[111.55990743823993, 116.3479075618259, 112.0, 2, '(112.35 112.77 113.14 113.4 114.38 114.77 115.26 115.38 119.48 119.81 120.54)']
[112.0, 116.3479075618259, 122.0, 1, '(112.35 112.77 113.14 113.4 114.38 114.77 115.26 115.38 119.48 119.81 120.54)']
[112.35328928855782, 116.3479075618259, 122.0, 2, '(112.77 113.14 113.4 114.38 114.77 115.26 115.38 119.48 119.81 120.54)']
[112.7707205920708, 116.3479075618259, 122.0, 2, '(113.14 113.4 114.38 114.69 114.77 115.26 115.38 119.48 119.81 120.54)']
[113.14160842887446, 116.3479075618259, 122.0, 2, '(113.4 114.38 114.69 114.77 114.78 115.26 115.38 119.48 119.81 120.54)']
[113.3995245335056, 116.3479075618259, 122.0, 2, '(114.38 114.42 114.69 114.77 114.78 115.26 115.38 119.48 119.81 120.54)']
[114.37862353023196, 116.3479075618259, 122.0, 2, '(114.42 114.69 114.77 114.78 115.26 115.38 118.39 119.48 119.81 120.54)']
[114.42346250052411, 116.3479075618259, 122.0, 2, '(114.69 114.77 114.78 115.26 115.38 118.39 119.48 119.81 120.15 120.54)']
[114.69140633956349, 116.3479075618259, 122.0, 2, '(114.77 114.78 115.26 115.38 116.2 118.39 119.48 119.81 120.15 120.54)']
[114.77330633477096, 116.3479075618259, 122.0, 2, '(114.78 115.26 115.38 116.2 118.39 119.48 119.81 120.15 120.54 130.92)']
[114.78427971055383, 116.3479075618259, 122.0, 2, '(115.26 115.38 116.2 117.96 118.39 119.48 119.81 120.15 120.54 130.92)']
[115.26291186166311, 116.3479075618259, 122.0, 2, '(115.35 115.38 116.2 117.96 118.39 119.48 119.81 120.15 120.54 130.92)']
[115.34589443430863, 116.3479075618259, 122.0, 2, '(115.38 116.2 117.96 118.39 119.48 119.53 119.81 120.15 120.54 130.92)']
[115.38202695693035, 116.3479075618259, 122.0, 2, '(116.08 116.2 117.96 118.39 119.48 119.53 119.81 120.15 120.54 130.92)']
[116.08445513586271, 116.3479075618259, 122.0, 2, '(116.2 117.96 118.39 119.48 119.53 119.81 120.15 120.54 124.95 130.92)']
[116.20150940269698, 116.3479075618259, 122.0, 2, '(117.96 118.39 119.48 119.53 119.81 120.15 120.54 124.95 130.92 142.11)']
[116.3479075618259, 116.78677917455492, 122.0, 2, '(116.53 117.96 118.39 119.48 119.53 119.81 120.15 120.54 124.95 130.92 142.11)']
[116.5342118045787, 116.78677917455492, 122.0, 2, '(117.96 118.39 119.48 119.53 119.81 120.15 120.54 121.56 124.95 130.92 142.11)']
[116.78677917455492, 117.23446762661011, 122.0, 2, '(117.96 118.39 119.48 119.53 119.81 120.15 120.54 121.56 124.95 128.64 130.92 142.11)']
[117.23446762661011, 131.90186707867414, 122.0, 2, '(117.96 118.39 119.48 119.53 119.81 120.15 120.54 121.56 124.95 128.64 130.77 130.92 142.11)']
[117.96159579883047, 131.90186707867414, 122.0, 2, '(118.39 119.48 119.53 119.81 120.15 120.54 121.1 121.56 124.95 128.64 130.77 130.92 142.11)']
[118.3917318791984, 131.90186707867414, 122.0, 2, '(119.48 119.53 119.81 120.15 120.54 121.1 121.56 124.95 126.35 128.64 130.77 130.92 142.11)']
[119.4809006913929, 131.90186707867414, 122.0, 2, '(119.53 119.81 120.15 120.54 121.1 121.56 124.95 126.35 128.64 128.95 130.77 130.92 142.11)']
[119.52779675657031, 131.90186707867414, 122.0, 2, '(119.74 119.81 120.15 120.54 121.1 121.56 124.95 126.35 128.64 128.95 130.77 130.92 142.11)']
[119.74058282011939, 131.90186707867414, 122.0, 2, '(119.81 119.81 120.15 120.54 121.1 121.56 124.95 126.35 128.64 128.95 130.77 130.92 142.11)']
[119.80779987928427, 131.90186707867414, 122.0, 2, '(119.81 120.15 120.54 121.1 121.56 124.5 124.95 126.35 128.64 128.95 130.77 130.92 142.11)']
[119.81352867450609, 131.90186707867414, 122.0, 2, '(120.15 120.54 121.1 121.56 124.5 124.95 126.24 126.35 128.64 128.95 130.77 130.92 142.11)']
[120.14912551227036, 131.90186707867414, 122.0, 2, '(120.54 121.1 121.56 124.5 124.8 124.95 126.24 126.35 128.64 128.95 130.77 130.92 142.11)']
[120.5382151191815, 131.90186707867414, 122.0, 2, '(121.1 121.35 121.56 124.5 124.8 124.95 126.24 126.35 128.64 128.95 130.77 130.92 142.11)']
[121.09959863222, 131.90186707867414, 122.0, 2, '(121.12 121.35 121.56 124.5 124.8 124.95 126.24 126.35 128.64 128.95 130.77 130.92 142.11)']
[121.12369323879498, 131.90186707867414, 122.0, 2, '(121.35 121.56 122.14 124.5 124.8 124.95 126.24 126.35 128.64 128.95 130.77 130.92 142.11)']
[121.35179473805513, 131.90186707867414, 122.0, 2, '(121.56 122.14 124.5 124.8 124.95 126.24 126.35 126.58 128.64 128.95 130.77 130.92 142.11)']
[121.55894076423496, 131.90186707867414, 122.0, 2, '(122.14 123.23 124.5 124.8 124.95 126.24 126.35 126.58 128.64 128.95 130.77 130.92 142.11)']
[122.0, 131.90186707867414, 132.0, 1, '(122.14 123.23 124.5 124.8 124.95 126.24 126.35 126.58 128.64 128.95 130.77 130.92 142.11)']
[122.13517263704104, 131.90186707867414, 132.0, 2, '(123.23 124.5 124.8 124.95 126.24 126.35 126.58 128.64 128.95 130.77 130.92 142.11)']
[123.22935687523737, 131.90186707867414, 132.0, 2, '(124.5 124.8 124.95 126.24 126.35 126.58 127.9 128.64 128.95 130.77 130.92 142.11)']
[124.49970079627886, 131.90186707867414, 132.0, 2, '(124.8 124.95 126.24 126.35 126.58 127.83 127.9 128.64 128.95 130.77 130.92 142.11)']
[124.79903428572645, 131.90186707867414, 132.0, 2, '(124.95 126.24 126.35 126.58 127.83 127.9 128.64 128.95 130.77 130.92 133.48 142.11)']
[124.94685564974648, 131.90186707867414, 132.0, 2, '(126.24 126.35 126.58 127.83 127.9 128.6 128.64 128.95 130.77 130.92 133.48 142.11)']
[126.24016639847022, 131.90186707867414, 132.0, 2, '(126.35 126.58 127.83 127.9 128.4 128.6 128.64 128.95 130.77 130.92 133.48 142.11)']
[126.34743937464094, 131.90186707867414, 132.0, 2, '(126.58 127.83 127.9 128.14 128.4 128.6 128.64 128.95 130.77 130.92 133.48 142.11)']
[126.57925802532607, 131.90186707867414, 132.0, 2, '(127.83 127.88 127.9 128.14 128.4 128.6 128.64 128.95 130.77 130.92 133.48 142.11)']
[127.83050657308041, 131.90186707867414, 132.0, 2, '(127.88 127.9 128.14 128.4 128.6 128.64 128.95 130.76 130.77 130.92 133.48 142.11)']
[127.87789739552271, 131.90186707867414, 132.0, 2, '(127.9 128.14 128.4 128.6 128.64 128.95 128.96 130.76 130.77 130.92 133.48 142.11)']
[127.90107393245096, 131.90186707867414, 132.0, 2, '(128.14 128.4 128.6 128.64 128.64 128.95 128.96 130.76 130.77 130.92 133.48 142.11)']
[128.1379396472496, 131.90186707867414, 132.0, 2, '(128.4 128.6 128.64 128.64 128.95 128.96 130.75 130.76 130.77 130.92 133.48 142.11)']
[128.40209855344426, 131.90186707867414, 132.0, 2, '(128.6 128.64 128.64 128.95 128.96 130.75 130.76 130.77 130.92 133.48 142.11 142.88)']
[128.59948577213746, 131.90186707867414, 132.0, 2, '(128.64 128.64 128.95 128.96 130.75 130.76 130.77 130.92 131.31 133.48 142.11 142.88)']
[128.6416348989072, 131.90186707867414, 132.0, 2, '(128.64 128.95 128.96 130.75 130.76 130.77 130.92 131.31 133.27 133.48 142.11 142.88)']
[128.64396007641818, 131.90186707867414, 132.0, 2, '(128.95 128.96 130.23 130.75 130.76 130.77 130.92 131.31 133.27 133.48 142.11 142.88)']
[128.94582743624085, 131.90186707867414, 132.0, 2, '(128.96 129.69 130.23 130.75 130.76 130.77 130.92 131.31 133.27 133.48 142.11 142.88)']
[128.95903840018704, 131.90186707867414, 132.0, 2, '(129.69 130.23 130.75 130.76 130.77 130.92 131.31 133.27 133.48 142.11 142.88 142.93)']
[129.691976077072, 131.90186707867414, 132.0, 2, '(130.23 130.75 130.76 130.77 130.92 131.31 132.22 133.27 133.48 142.11 142.88 142.93)']
[130.23128407754385, 131.90186707867414, 132.0, 2, '(130.75 130.76 130.77 130.92 131.31 132.22 132.61 133.27 133.48 142.11 142.88 142.93)']
[130.75158709629287, 131.90186707867414, 132.0, 2, '(130.76 130.77 130.92 131.31 132.22 132.61 133.27 133.48 135.17 142.11 142.88 142.93)']
[130.76365099339972, 131.90186707867414, 132.0, 2, '(130.77 130.92 131.31 132.22 132.61 133.27 133.48 135.17 139.03 142.11 142.88 142.93)']
[130.77318322618558, 131.90186707867414, 132.0, 2, '(130.92 131.31 132.22 132.61 133.27 133.48 135.17 139.03 142.11 142.67 142.88 142.93)']
[130.91660534911205, 131.90186707867414, 132.0, 2, '(131.17 131.31 132.22 132.61 133.27 133.48 135.17 139.03 142.11 142.67 142.88 142.93)']
[131.16836548762845, 131.90186707867414, 132.0, 2, '(131.31 132.22 132.61 133.27 133.48 135.17 136.2 139.03 142.11 142.67 142.88 142.93)']
[131.31127016828532, 131.90186707867414, 132.0, 2, '(132.22 132.61 133.27 133.48 135.17 136.2 139.03 139.33 142.11 142.67 142.88 142.93)']
[131.90186707867414, 134.9923266692584, 132.0, 2, '(132.22 132.61 133.27 133.48 135.17 136.2 139.03 139.33 142.11 142.67 142.88 142.93 149.28)']
[132.0, 134.9923266692584, 142.0, 1, '(132.22 132.61 133.27 133.48 135.17 136.2 139.03 139.33 142.11 142.67 142.88 142.93 149.28)']
[132.2173147217355, 134.9923266692584, 142.0, 2, '(132.61 133.27 133.48 135.17 136.2 139.03 139.33 142.11 142.67 142.88 142.93 149.28)']
[132.61169221831045, 134.9923266692584, 142.0, 2, '(133.27 133.48 135.17 136.2 137.46 139.03 139.33 142.11 142.67 142.88 142.93 149.28)']
[133.26945843356415, 134.9923266692584, 142.0, 2, '(133.48 134.63 135.17 136.2 137.46 139.03 139.33 142.11 142.67 142.88 142.93 149.28)']
[133.48143928926444, 134.9923266692584, 142.0, 2, '(134.63 134.72 135.17 136.2 137.46 139.03 139.33 142.11 142.67 142.88 142.93 149.28)']
[134.6327656333698, 134.9923266692584, 142.0, 2, '(134.72 135.17 136.2 137.46 139.03 139.33 142.11 142.6 142.67 142.88 142.93 149.28)']
[134.71512701348044, 134.9923266692584, 142.0, 2, '(135.17 136.2 137.46 139.03 139.33 139.85 142.11 142.6 142.67 142.88 142.93 149.28)']
[134.9923266692584, 148.29427260398515, 142.0, 2, '(135.17 136.2 136.99 137.46 139.03 139.33 139.85 142.11 142.6 142.67 142.88 142.93 149.28)']
[135.17148999269446, 148.29427260398515, 142.0, 2, '(136.2 136.99 137.46 139.03 139.33 139.85 141.44 142.11 142.6 142.67 142.88 142.93 149.28)']
[136.2032704044101, 148.29427260398515, 142.0, 2, '(136.99 137.46 137.66 139.03 139.33 139.85 141.44 142.11 142.6 142.67 142.88 142.93 149.28)']
[136.99432154281945, 148.29427260398515, 142.0, 2, '(137.46 137.66 138.43 139.03 139.33 139.85 141.44 142.11 142.6 142.67 142.88 142.93 149.28)']
[137.4615142979465, 148.29427260398515, 142.0, 2, '(137.66 138.43 139.03 139.33 139.85 141.44 142.11 142.6 142.67 142.88 142.93 144.09 149.28)']
[137.6613542161705, 148.29427260398515, 142.0, 2, '(138.43 139.03 139.33 139.85 139.96 141.44 142.11 142.6 142.67 142.88 142.93 144.09 149.28)']
[138.43262536186324, 148.29427260398515, 142.0, 2, '(139.03 139.33 139.85 139.96 141.44 142.11 142.6 142.67 142.88 142.93 144.09 145.66 149.28)']
[139.02707883816205, 148.29427260398515, 142.0, 2, '(139.33 139.85 139.96 141.44 142.11 142.6 142.67 142.88 142.93 144.09 145.66 148.12 149.28)']
[139.3308221655821, 148.29427260398515, 142.0, 2, '(139.85 139.86 139.96 141.44 142.11 142.6 142.67 142.88 142.93 144.09 145.66 148.12 149.28)']
[139.84500901349656, 148.29427260398515, 142.0, 2, '(139.86 139.96 140.67 141.44 142.11 142.6 142.67 142.88 142.93 144.09 145.66 148.12 149.28)']
[139.85508553794224, 148.29427260398515, 142.0, 2, '(139.96 140.15 140.67 141.44 142.11 142.6 142.67 142.88 142.93 144.09 145.66 148.12 149.28)']
[139.96143939027007, 148.29427260398515, 142.0, 2, '(140.15 140.67 141.44 142.11 142.6 142.67 142.88 142.93 144.09 145.66 148.12 149.28 155.3)']
[140.148086660288, 148.29427260398515, 142.0, 2, '(140.67 141.44 142.11 142.6 142.67 142.88 142.93 144.09 144.64 145.66 148.12 149.28 155.3)']
[140.6732361838474, 148.29427260398515, 142.0, 2, '(141.44 142.11 142.6 142.67 142.88 142.93 143.13 144.09 144.64 145.66 148.12 149.28 155.3)']
[141.43704497090366, 148.29427260398515, 142.0, 2, '(142.11 142.6 142.67 142.88 142.93 143.13 144.09 144.64 145.66 148.12 148.37 149.28 155.3)']
[142.0, 148.29427260398515, 152.0, 1, '(142.11 142.6 142.67 142.88 142.93 143.13 144.09 144.64 145.66 148.12 148.37 149.28 155.3)']
[142.1147882016226, 148.29427260398515, 152.0, 2, '(142.6 142.67 142.88 142.93 143.13 144.09 144.64 145.66 148.12 148.37 149.28 155.3)']
[142.60411269277216, 148.29427260398515, 152.0, 2, '(142.67 142.88 142.93 143.13 143.68 144.09 144.64 145.66 148.12 148.37 149.28 155.3)']
[142.66658530899656, 148.29427260398515, 152.0, 2, '(142.88 142.93 143.13 143.68 144.09 144.64 145.66 148.12 148.37 148.62 149.28 155.3)']
[142.8840489904923, 148.29427260398515, 152.0, 2, '(142.93 143.13 143.29 143.68 144.09 144.64 145.66 148.12 148.37 148.62 149.28 155.3)']
[142.9327231678789, 148.29427260398515, 152.0, 2, '(143.13 143.29 143.68 144.09 144.64 145.66 148.12 148.37 148.62 149.28 155.3 156.56)']
[143.13243078483364, 148.29427260398515, 152.0, 2, '(143.29 143.68 144.09 144.64 145.66 148.12 148.37 148.62 149.28 150.25 155.3 156.56)']
[143.28757604260505, 148.29427260398515, 152.0, 2, '(143.68 144.09 144.64 145.66 147.81 148.12 148.37 148.62 149.28 150.25 155.3 156.56)']
[143.67822657618322, 148.29427260398515, 152.0, 2, '(144.09 144.64 145.66 145.66 147.81 148.12 148.37 148.62 149.28 150.25 155.3 156.56)']
[144.0889089727393, 148.29427260398515, 152.0, 2, '(144.64 145.66 145.66 147.81 148.12 148.37 148.62 149.28 150.25 154.7 155.3 156.56)']
[144.63917260756207, 148.29427260398515, 152.0, 2, '(145.66 145.66 147.26 147.81 148.12 148.37 148.62 149.28 150.25 154.7 155.3 156.56)']
[145.65635295985982, 148.29427260398515, 152.0, 2, '(145.66 147.26 147.81 148.12 148.37 148.62 149.28 150.01 150.25 154.7 155.3 156.56)']
[145.66341008945403, 148.29427260398515, 152.0, 2, '(146.32 147.26 147.81 148.12 148.37 148.62 149.28 150.01 150.25 154.7 155.3 156.56)']
[146.3229924565241, 148.29427260398515, 152.0, 2, '(147.26 147.44 147.81 148.12 148.37 148.62 149.28 150.01 150.25 154.7 155.3 156.56)']
[147.26337700563937, 148.29427260398515, 152.0, 2, '(147.44 147.81 148.12 148.37 148.62 149.28 150.01 150.25 154.7 155.3 156.56 157.23)']
[147.4445622152976, 148.29427260398515, 152.0, 2, '(147.81 148.12 148.37 148.62 149.28 150.01 150.25 151.06 154.7 155.3 156.56 157.23)']
[147.81220274744663, 148.29427260398515, 152.0, 2, '(148.12 148.37 148.62 149.28 150.01 150.25 151.06 154.7 155.3 156.56 157.23 164.82)']
[148.12189340489445, 148.29427260398515, 152.0, 2, '(148.37 148.62 149.28 150.01 150.25 151.06 151.39 154.7 155.3 156.56 157.23 164.82)']
[148.29427260398515, 150.3533285018742, 152.0, 2, '(148.37 148.62 149.28 150.01 150.25 151.06 151.39 154.7 155.3 156.56 157.23 157.31 164.82)']
[148.37089762838775, 150.3533285018742, 152.0, 2, '(148.62 149.28 149.59 150.01 150.25 151.06 151.39 154.7 155.3 156.56 157.23 157.31 164.82)']
[148.62039182659618, 150.3533285018742, 152.0, 2, '(149.28 149.59 150.01 150.25 151.06 151.39 154.7 155.3 156.56 157.23 157.31 164.82 173.01)']
[149.27533563575633, 150.3533285018742, 152.0, 2, '(149.59 150.01 150.25 151.06 151.39 154.7 155.06 155.3 156.56 157.23 157.31 164.82 173.01)']
[149.58866897149727, 150.3533285018742, 152.0, 2, '(149.85 150.01 150.25 151.06 151.39 154.7 155.06 155.3 156.56 157.23 157.31 164.82 173.01)']
[149.8490353626911, 150.3533285018742, 152.0, 2, '(150.01 150.25 151.06 151.39 151.94 154.7 155.06 155.3 156.56 157.23 157.31 164.82 173.01)']
[150.01040603030265, 150.3533285018742, 152.0, 2, '(150.25 151.06 151.39 151.94 154.7 155.06 155.3 156.56 157.23 157.31 164.82 165.02 173.01)']
[150.24972863118853, 150.3533285018742, 152.0, 2, '(151.06 151.39 151.94 152.79 154.7 155.06 155.3 156.56 157.23 157.31 164.82 165.02 173.01)']
[150.3533285018742, 174.10869616088277, 152.0, 2, '(151.06 151.39 151.94 152.79 154.7 155.06 155.3 156.56 157.23 157.31 164.82 165.02 169.88 173.01)']
[151.05829047346862, 174.10869616088277, 152.0, 2, '(151.39 151.94 152.79 154.7 155.06 155.3 156.56 157.23 157.31 158.06 164.82 165.02 169.88 173.01)']
[151.38636325532923, 174.10869616088277, 152.0, 2, '(151.94 152.79 154.7 155.06 155.3 156.56 157.23 157.31 158.06 159.1 164.82 165.02 169.88 173.01)']
[151.9446705650353, 174.10869616088277, 152.0, 2, '(152.79 153.12 154.7 155.06 155.3 156.56 157.23 157.31 158.06 159.1 164.82 165.02 169.88 173.01)']
[152.0, 174.10869616088277, 162.0, 1, '(152.79 153.12 154.7 155.06 155.3 156.56 157.23 157.31 158.06 159.1 164.82 165.02 169.88 173.01)']
[152.7902383590843, 174.10869616088277, 162.0, 2, '(153.12 154.7 155.06 155.3 156.56 157.23 157.31 158.06 159.1 164.82 165.02 169.88 173.01)']
[153.11523257242976, 174.10869616088277, 162.0, 2, '(154.7 155.06 155.3 156.56 157.23 157.31 158.06 159.1 164.82 165.02 167.19 169.88 173.01)']
[154.69965775385955, 174.10869616088277, 162.0, 2, '(155.06 155.3 156.56 157.23 157.31 158.06 159.1 164.82 165.02 166.07 167.19 169.88 173.01)']
[155.0590283022615, 174.10869616088277, 162.0, 2, '(155.3 156.56 157.23 157.31 157.82 158.06 159.1 164.82 165.02 166.07 167.19 169.88 173.01)']
[155.29610885725143, 174.10869616088277, 162.0, 2, '(156.56 157.23 157.31 157.82 158.06 159.1 159.15 164.82 165.02 166.07 167.19 169.88 173.01)']
[156.56255720174238, 174.10869616088277, 162.0, 2, '(157.23 157.31 157.82 158.06 159.1 159.15 164.82 165.02 166.07 167.19 169.88 173.01 175.06)']
[157.23453221746237, 174.10869616088277, 162.0, 2, '(157.31 157.82 158.06 159.1 159.15 164.82 164.87 165.02 166.07 167.19 169.88 173.01 175.06)']
[157.3078723250655, 174.10869616088277, 162.0, 2, '(157.82 158.06 159.1 159.15 164.82 164.87 165.02 166.07 167.19 167.94 169.88 173.01 175.06)']
[157.82412989200708, 174.10869616088277, 162.0, 2, '(158.06 159.1 159.15 160.32 164.82 164.87 165.02 166.07 167.19 167.94 169.88 173.01 175.06)']
[158.05660929455158, 174.10869616088277, 162.0, 2, '(159.1 159.15 160.32 164.82 164.87 165.02 166.07 167.19 167.94 169.88 173.01 173.69 175.06)']
[159.09899427702217, 174.10869616088277, 162.0, 2, '(159.15 159.36 160.32 164.82 164.87 165.02 166.07 167.19 167.94 169.88 173.01 173.69 175.06)']
[159.14957004246835, 174.10869616088277, 162.0, 2, '(159.21 159.36 160.32 164.82 164.87 165.02 166.07 167.19 167.94 169.88 173.01 173.69 175.06)']
[159.20836077696654, 174.10869616088277, 162.0, 2, '(159.36 159.64 160.32 164.82 164.87 165.02 166.07 167.19 167.94 169.88 173.01 173.69 175.06)']
[159.3600878144254, 174.10869616088277, 162.0, 2, '(159.64 160.32 161.68 164.82 164.87 165.02 166.07 167.19 167.94 169.88 173.01 173.69 175.06)']
[159.64391968922487, 174.10869616088277, 162.0, 2, '(160.32 161.68 163.6 164.82 164.87 165.02 166.07 167.19 167.94 169.88 173.01 173.69 175.06)']
[160.32482680494402, 174.10869616088277, 162.0, 2, '(161.68 163.6 164.82 164.87 165.02 166.07 167.19 167.94 169.88 173.01 173.67 173.69 175.06)']
[161.68180892456346, 174.10869616088277, 162.0, 2, '(162.34 163.6 164.82 164.87 165.02 166.07 167.19 167.94 169.88 173.01 173.67 173.69 175.06)']
[162.0, 174.10869616088277, 172.0, 1, '(162.34 163.6 164.82 164.87 165.02 166.07 167.19 167.94 169.88 173.01 173.67 173.69 175.06)']
[162.33562944588408, 174.10869616088277, 172.0, 2, '(163.6 164.82 164.87 165.02 166.07 167.19 167.94 169.88 173.01 173.67 173.69 175.06)']
[163.59679824309796, 174.10869616088277, 172.0, 2, '(164.82 164.87 165.02 165.39 166.07 167.19 167.94 169.88 173.01 173.67 173.69 175.06)']
[164.81572486764543, 174.10869616088277, 172.0, 2, '(164.87 165.02 165.39 166.07 167.06 167.19 167.94 169.88 173.01 173.67 173.69 175.06)']
[164.8670749580403, 174.10869616088277, 172.0, 2, '(165.02 165.39 166.07 167.06 167.19 167.94 169.88 170.17 173.01 173.67 173.69 175.06)']
[165.0162415082262, 174.10869616088277, 172.0, 2, '(165.39 166.07 167.06 167.19 167.7 167.94 169.88 170.17 173.01 173.67 173.69 175.06)']
[165.387804908569, 174.10869616088277, 172.0, 2, '(166.05 166.07 167.06 167.19 167.7 167.94 169.88 170.17 173.01 173.67 173.69 175.06)']
[166.05153780996258, 174.10869616088277, 172.0, 2, '(166.07 167.06 167.19 167.7 167.94 169.88 170.17 173.01 173.67 173.69 174.12 175.06)']
[166.0659836457247, 174.10869616088277, 172.0, 2, '(167.06 167.19 167.7 167.94 169.88 170.06 170.17 173.01 173.67 173.69 174.12 175.06)']
[167.05622795567308, 174.10869616088277, 172.0, 2, '(167.19 167.7 167.94 169.88 170.06 170.17 173.01 173.67 173.69 174.12 175.06 175.42)']
[167.19114803815955, 174.10869616088277, 172.0, 2, '(167.7 167.94 169.11 169.88 170.06 170.17 173.01 173.67 173.69 174.12 175.06 175.42)']
[167.70313428036368, 174.10869616088277, 172.0, 2, '(167.94 169.11 169.88 170.06 170.1 170.17 173.01 173.67 173.69 174.12 175.06 175.42)']
[167.93630365815503, 174.10869616088277, 172.0, 2, '(169.11 169.88 170.06 170.1 170.17 173.01 173.67 173.69 174.12 175.06 175.42 187.4)']
[169.11359631384502, 174.10869616088277, 172.0, 2, '(169.88 170.06 170.1 170.17 171.38 173.01 173.67 173.69 174.12 175.06 175.42 187.4)']
[169.88394373024178, 174.10869616088277, 172.0, 2, '(170.06 170.1 170.17 171.38 173.01 173.67 173.69 174.09 174.12 175.06 175.42 187.4)']
[170.06002574340124, 174.10869616088277, 172.0, 2, '(170.1 170.17 171.38 173.01 173.67 173.69 174.09 174.12 175.06 175.42 179.68 187.4)']
[170.09644117408826, 174.10869616088277, 172.0, 2, '(170.17 171.38 173.01 173.67 173.69 174.09 174.12 175.06 175.42 176.83 179.68 187.4)']
[170.17342654168172, 174.10869616088277, 172.0, 2, '(171.38 173.01 173.67 173.69 174.09 174.12 174.41 175.06 175.42 176.83 179.68 187.4)']
[171.37776391738788, 174.10869616088277, 172.0, 2, '(173.01 173.67 173.69 174.09 174.12 174.23 174.41 175.06 175.42 176.83 179.68 187.4)']
[172.0, 174.10869616088277, 182.0, 1, '(173.01 173.67 173.69 174.09 174.12 174.23 174.41 175.06 175.42 176.83 179.68 187.4)']
[173.00614741496125, 174.10869616088277, 182.0, 2, '(173.67 173.69 174.09 174.12 174.23 174.41 175.06 175.42 176.83 179.68 187.4)']
[173.66868947075366, 174.10869616088277, 182.0, 2, '(173.69 174.03 174.09 174.12 174.23 174.41 175.06 175.42 176.83 179.68 187.4)']
[173.69334248630713, 174.10869616088277, 182.0, 2, '(174.01 174.03 174.09 174.12 174.23 174.41 175.06 175.42 176.83 179.68 187.4)']
[174.00991297176176, 174.10869616088277, 182.0, 2, '(174.03 174.09 174.12 174.23 174.41 174.8 175.06 175.42 176.83 179.68 187.4)']
[174.02926810298968, 174.10869616088277, 182.0, 2, '(174.09 174.12 174.23 174.41 174.8 175.06 175.42 176.83 179.68 184.11 187.4)']
[174.09429756471437, 174.10869616088277, 182.0, 2, '(174.12 174.2 174.23 174.41 174.8 175.06 175.42 176.83 179.68 184.11 187.4)']
[174.10869616088277, 177.78295540105435, 182.0, 2, '(174.12 174.2 174.23 174.37 174.41 174.8 175.06 175.42 176.83 179.68 184.11 187.4)']
[174.1199679237025, 177.78295540105435, 182.0, 2, '(174.2 174.23 174.37 174.41 174.8 175.06 175.42 175.95 176.83 179.68 184.11 187.4)']
[174.2039317067051, 177.78295540105435, 182.0, 2, '(174.23 174.37 174.41 174.8 175.06 175.42 175.75 175.95 176.83 179.68 184.11 187.4)']
[174.22625091978574, 177.78295540105435, 182.0, 2, '(174.37 174.41 174.8 175.06 175.42 175.75 175.95 176.83 179.68 181.24 184.11 187.4)']
[174.36914525984983, 177.78295540105435, 182.0, 2, '(174.41 174.8 175.06 175.42 175.75 175.84 175.95 176.83 179.68 181.24 184.11 187.4)']
[174.40639139576064, 177.78295540105435, 182.0, 2, '(174.8 175.06 175.42 175.75 175.84 175.95 176.83 179.68 181.24 184.11 186.19 187.4)']
[174.80133202258025, 177.78295540105435, 182.0, 2, '(175.06 175.25 175.42 175.75 175.84 175.95 176.83 179.68 181.24 184.11 186.19 187.4)']
[175.06443016893817, 177.78295540105435, 182.0, 2, '(175.25 175.42 175.71 175.75 175.84 175.95 176.83 179.68 181.24 184.11 186.19 187.4)']
[175.24636285888425, 177.78295540105435, 182.0, 2, '(175.42 175.71 175.75 175.84 175.95 176.83 179.68 181.24 184.11 186.19 187.4 199.66)']
[175.42024534238234, 177.78295540105435, 182.0, 2, '(175.71 175.75 175.84 175.95 176.83 179.04 179.68 181.24 184.11 186.19 187.4 199.66)']
[175.71038169917568, 177.78295540105435, 182.0, 2, '(175.75 175.84 175.95 176.83 179.04 179.68 181.24 184.11 186.19 187.4 188.4 199.66)']
[175.74537577143636, 177.78295540105435, 182.0, 2, '(175.84 175.95 176.83 178.57 179.04 179.68 181.24 184.11 186.19 187.4 188.4 199.66)']
[175.84319991076399, 177.78295540105435, 182.0, 2, '(175.95 176.83 178.57 179.04 179.68 181.24 184.11 186.19 187.4 188.4 191.28 199.66)']
[175.94698947440992, 177.78295540105435, 182.0, 2, '(176.83 178.57 179.04 179.68 181.24 184.11 186.19 187.4 188.4 189.89 191.28 199.66)']
[176.83334061227137, 177.78295540105435, 182.0, 2, '(178.57 179.04 179.68 181.24 184.11 184.38 186.19 187.4 188.4 189.89 191.28 199.66)']
[177.78295540105435, 180.3477459188495, 182.0, 2, '(178.57 179.04 179.07 179.68 181.24 184.11 184.38 186.19 187.4 188.4 189.89 191.28 199.66)']
[178.57023283327155, 180.3477459188495, 182.0, 2, '(178.75 179.04 179.07 179.68 181.24 184.11 184.38 186.19 187.4 188.4 189.89 191.28 199.66)']
[178.7519360496553, 180.3477459188495, 182.0, 2, '(179.04 179.07 179.68 179.75 181.24 184.11 184.38 186.19 187.4 188.4 189.89 191.28 199.66)']
[179.04176457715582, 180.3477459188495, 182.0, 2, '(179.04 179.07 179.68 179.75 181.24 184.11 184.38 186.19 187.4 188.4 189.89 191.28 199.66)']
[179.0444829440268, 180.3477459188495, 182.0, 2, '(179.07 179.68 179.75 181.24 182.96 184.11 184.38 186.19 187.4 188.4 189.89 191.28 199.66)']
[179.06972589779136, 180.3477459188495, 182.0, 2, '(179.55 179.68 179.75 181.24 182.96 184.11 184.38 186.19 187.4 188.4 189.89 191.28 199.66)']
[179.55475716286537, 180.3477459188495, 182.0, 2, '(179.68 179.75 181.24 182.96 184.11 184.38 184.86 186.19 187.4 188.4 189.89 191.28 199.66)']
[179.68146865181652, 180.3477459188495, 182.0, 2, '(179.75 180.42 181.24 182.96 184.11 184.38 184.86 186.19 187.4 188.4 189.89 191.28 199.66)']
[179.7519617433436, 180.3477459188495, 182.0, 2, '(180.42 181.24 182.96 183.46 184.11 184.38 184.86 186.19 187.4 188.4 189.89 191.28 199.66)']
[180.3477459188495, 181.8648628521467, 182.0, 2, '(180.42 180.81 181.24 182.96 183.46 184.11 184.38 184.86 186.19 187.4 188.4 189.89 191.28 199.66)']
[180.42119219291874, 181.8648628521467, 182.0, 2, '(180.81 181.24 182.96 183.46 184.11 184.38 184.86 185.68 186.19 187.4 188.4 189.89 191.28 199.66)']
[180.80568052346825, 181.8648628521467, 182.0, 2, '(181.24 182.96 183.46 184.11 184.38 184.86 184.92 185.68 186.19 187.4 188.4 189.89 191.28 199.66)']
[181.2417909149398, 181.8648628521467, 182.0, 2, '(182.32 182.96 183.46 184.11 184.38 184.86 184.92 185.68 186.19 187.4 188.4 189.89 191.28 199.66)']
[181.8648628521467, 210.71874026110348, 182.0, 2, '(182.32 182.96 183.45 183.46 184.11 184.38 184.86 184.92 185.68 186.19 187.4 188.4 189.89 191.28 199.66)']
[182.0, 210.71874026110348, 192.0, 1, '(182.32 182.96 183.45 183.46 184.11 184.38 184.86 184.92 185.68 186.19 187.4 188.4 189.89 191.28 199.66)']
[182.32136324228085, 210.71874026110348, 192.0, 2, '(182.96 183.45 183.46 184.11 184.38 184.86 184.92 185.68 186.19 187.4 188.4 189.89 191.28 199.66)']
[182.9582294172341, 210.71874026110348, 192.0, 2, '(183.45 183.46 184.11 184.38 184.55 184.86 184.92 185.68 186.19 187.4 188.4 189.89 191.28 199.66)']
[183.44671063316522, 210.71874026110348, 192.0, 2, '(183.46 184.11 184.38 184.55 184.86 184.92 185.68 186.19 187.4 188.4 189.89 191.01 191.28 199.66)']
[183.46177279882218, 210.71874026110348, 192.0, 2, '(184.11 184.38 184.55 184.86 184.92 185.68 186.19 187.4 188.4 189.89 191.01 191.28 195.51 199.66)']
[184.11038441347114, 210.71874026110348, 192.0, 2, '(184.38 184.55 184.86 184.92 185.68 186.19 187.4 188.4 189.8 189.89 191.01 191.28 195.51 199.66)']
[184.37866506830503, 210.71874026110348, 192.0, 2, '(184.55 184.86 184.92 185.68 186.19 187.4 188.12 188.4 189.8 189.89 191.01 191.28 195.51 199.66)']
[184.55146820757676, 210.71874026110348, 192.0, 2, '(184.86 184.92 185.68 186.19 187.4 187.49 188.12 188.4 189.8 189.89 191.01 191.28 195.51 199.66)']
[184.85581094053083, 210.71874026110348, 192.0, 2, '(184.92 185.68 186.19 187.4 187.49 188.12 188.4 188.92 189.8 189.89 191.01 191.28 195.51 199.66)']
[184.92104640848441, 210.71874026110348, 192.0, 2, '(185.68 186.19 187.4 187.49 187.61 188.12 188.4 188.92 189.8 189.89 191.01 191.28 195.51 199.66)']
[185.67978115893288, 210.71874026110348, 192.0, 2, '(186.19 187.4 187.49 187.61 188.12 188.4 188.92 189.8 189.89 191.01 191.28 191.58 195.51 199.66)']
[186.19146837295585, 210.71874026110348, 192.0, 2, '(186.82 187.4 187.49 187.61 188.12 188.4 188.92 189.8 189.89 191.01 191.28 191.58 195.51 199.66)']
[186.8211875539055, 210.71874026110348, 192.0, 2, '(187.4 187.49 187.61 188.12 188.4 188.92 189.8 189.89 191.01 191.28 191.58 193.48 195.51 199.66)']
[187.3953244091839, 210.71874026110348, 192.0, 2, '(187.49 187.61 188.12 188.4 188.92 189.3 189.8 189.89 191.01 191.28 191.58 193.48 195.51 199.66)']
[187.4896556203498, 210.71874026110348, 192.0, 2, '(187.61 188.12 188.4 188.92 189.3 189.33 189.8 189.89 191.01 191.28 191.58 193.48 195.51 199.66)']
[187.61169421188802, 210.71874026110348, 192.0, 2, '(188.12 188.4 188.55 188.92 189.3 189.33 189.8 189.89 191.01 191.28 191.58 193.48 195.51 199.66)']
[188.1175659547457, 210.71874026110348, 192.0, 2, '(188.4 188.55 188.92 189.3 189.33 189.8 189.89 191.01 191.28 191.41 191.58 193.48 195.51 199.66)']
[188.40233945567678, 210.71874026110348, 192.0, 2, '(188.55 188.67 188.92 189.3 189.33 189.8 189.89 191.01 191.28 191.41 191.58 193.48 195.51 199.66)']
[188.55036209679764, 210.71874026110348, 192.0, 2, '(188.67 188.92 189.3 189.33 189.8 189.89 191.01 191.13 191.28 191.41 191.58 193.48 195.51 199.66)']
[188.6686883360218, 210.71874026110348, 192.0, 2, '(188.92 189.3 189.33 189.8 189.89 191.01 191.13 191.28 191.41 191.58 191.75 193.48 195.51 199.66)']
[188.92307244234698, 210.71874026110348, 192.0, 2, '(189.05 189.3 189.33 189.8 189.89 191.01 191.13 191.28 191.41 191.58 191.75 193.48 195.51 199.66)']
[189.05038631563815, 210.71874026110348, 192.0, 2, '(189.3 189.33 189.8 189.89 191.01 191.13 191.28 191.41 191.58 191.75 193.48 194.54 195.51 199.66)']
[189.3022017959627, 210.71874026110348, 192.0, 2, '(189.33 189.8 189.89 190.02 191.01 191.13 191.28 191.41 191.58 191.75 193.48 194.54 195.51 199.66)']
[189.3255265980467, 210.71874026110348, 192.0, 2, '(189.8 189.89 190.02 191.01 191.13 191.28 191.41 191.58 191.75 193.48 194.54 195.51 199.66 201.86)']
[189.80021744881157, 210.71874026110348, 192.0, 2, '(189.89 190.02 191.01 191.13 191.28 191.41 191.58 191.75 193.48 194.54 195.51 199.66 201.86 204.48)']
[189.88521030088236, 210.71874026110348, 192.0, 2, '(190.02 191.01 191.13 191.28 191.41 191.58 191.75 193.48 194.54 195.1 195.51 199.66 201.86 204.48)']
[190.02022681792644, 210.71874026110348, 192.0, 2, '(190.09 191.01 191.13 191.28 191.41 191.58 191.75 193.48 194.54 195.1 195.51 199.66 201.86 204.48)']
[190.08949575677764, 210.71874026110348, 192.0, 2, '(191.01 191.13 191.28 191.41 191.58 191.75 193.48 194.49 194.54 195.1 195.51 199.66 201.86 204.48)']
[191.00561605931506, 210.71874026110348, 192.0, 2, '(191.13 191.28 191.41 191.58 191.75 193.48 194.49 194.54 195.1 195.51 199.66 201.86 203.12 204.48)']
[191.12758775146386, 210.71874026110348, 192.0, 2, '(191.28 191.41 191.58 191.75 193.48 194.49 194.54 195.1 195.51 199.66 201.17 201.86 203.12 204.48)']
[191.282065954792, 210.71874026110348, 192.0, 2, '(191.41 191.58 191.75 193.48 194.49 194.54 195.1 195.51 198.86 199.66 201.17 201.86 203.12 204.48)']
[191.41390524873157, 210.71874026110348, 192.0, 2, '(191.58 191.75 192.15 193.48 194.49 194.54 195.1 195.51 198.86 199.66 201.17 201.86 203.12 204.48)']
[191.57720385712477, 210.71874026110348, 192.0, 2, '(191.75 192.15 193.48 194.49 194.54 195.1 195.51 198.86 199.66 200.28 201.17 201.86 203.12 204.48)']
[191.75086296537128, 210.71874026110348, 192.0, 2, '(192.15 193.48 194.49 194.54 195.06 195.1 195.51 198.86 199.66 200.28 201.17 201.86 203.12 204.48)']
[192.0, 210.71874026110348, 202.0, 1, '(192.15 193.48 194.49 194.54 195.06 195.1 195.51 198.86 199.66 200.28 201.17 201.86 203.12 204.48)']
[192.1472195007479, 210.71874026110348, 202.0, 2, '(193.48 194.49 194.54 195.06 195.1 195.51 198.86 199.66 200.28 201.17 201.86 203.12 204.48)']
[193.48122263145177, 210.71874026110348, 202.0, 2, '(194.13 194.49 194.54 195.06 195.1 195.51 198.86 199.66 200.28 201.17 201.86 203.12 204.48)']
[194.13376269426695, 210.71874026110348, 202.0, 2, '(194.49 194.54 195.06 195.1 195.51 196.9 198.86 199.66 200.28 201.17 201.86 203.12 204.48)']
[194.48837171415988, 210.71874026110348, 202.0, 2, '(194.54 195.06 195.1 195.51 196.9 198.86 199.66 200.28 200.57 201.17 201.86 203.12 204.48)']
[194.53872586187506, 210.71874026110348, 202.0, 2, '(195.06 195.1 195.51 195.75 196.9 198.86 199.66 200.28 200.57 201.17 201.86 203.12 204.48)']
[195.05645890024496, 210.71874026110348, 202.0, 2, '(195.1 195.28 195.51 195.75 196.9 198.86 199.66 200.28 200.57 201.17 201.86 203.12 204.48)']
[195.09884238928655, 210.71874026110348, 202.0, 2, '(195.28 195.51 195.75 196.42 196.9 198.86 199.66 200.28 200.57 201.17 201.86 203.12 204.48)']
[195.27553168154444, 210.71874026110348, 202.0, 2, '(195.51 195.75 196.42 196.9 197.86 198.86 199.66 200.28 200.57 201.17 201.86 203.12 204.48)']
[195.5116844361326, 210.71874026110348, 202.0, 2, '(195.75 196.42 196.9 197.86 198.86 199.66 200.28 200.57 201.17 201.37 201.86 203.12 204.48)']
[195.75475568826502, 210.71874026110348, 202.0, 2, '(196.42 196.9 197.86 198.86 199.66 200.28 200.57 201.17 201.37 201.86 203.12 204.48 205.62)']
[196.4249030549911, 210.71874026110348, 202.0, 2, '(196.9 197.86 198.86 199.66 199.69 200.28 200.57 201.17 201.37 201.86 203.12 204.48 205.62)']
[196.90289353148924, 210.71874026110348, 202.0, 2, '(197.86 198.86 199.66 199.69 200.28 200.57 201.17 201.37 201.86 202.27 203.12 204.48 205.62)']
[197.8579526822692, 210.71874026110348, 202.0, 2, '(198.86 199.66 199.69 200.24 200.28 200.57 201.17 201.37 201.86 202.27 203.12 204.48 205.62)']
[198.86239433629228, 210.71874026110348, 202.0, 2, '(199.66 199.69 200.24 200.28 200.33 200.57 201.17 201.37 201.86 202.27 203.12 204.48 205.62)']
[199.65539915587772, 210.71874026110348, 202.0, 2, '(199.69 200.24 200.28 200.33 200.57 201.17 201.37 201.86 202.27 203.12 204.48 205.62 210.92)']
[199.68941485015887, 210.71874026110348, 202.0, 2, '(200.24 200.28 200.33 200.57 201.17 201.37 201.86 202.27 203.12 204.48 205.62 207.82 210.92)']
[200.235592952396, 210.71874026110348, 202.0, 2, '(200.28 200.33 200.57 201.17 201.37 201.86 202.27 203.12 204.48 204.68 205.62 207.82 210.92)']
